0.23509544134140015 0.2714539170265198 -0.3489067554473877 0.019756058230996132 0.22868061065673828 0.07081642746925354 -0.3598085641860962 0.14535671472549438 0.27419185638427734 0.18879614770412445 0.1232689619064331 -0.18368272483348846 0.07133287936449051 0.1436728984117508 -0.07342309504747391 -0.39232805371284485 0.04545745626091957 0.19960172474384308 0.10886361449956894 0.10296723991632462 -0.348654568195343 -0.027002088725566864 0.3253122866153717 0.09473741799592972 -0.3790544271469116 0.04907354712486267 0.04530023783445358 
-0.5370221138000488
0.1765046864748001 0.11553363502025604 0.15315012633800507 -0.014472339302301407 -0.11669861525297165 -0.09671348333358765 -0.13577063381671906 0.09662081301212311 0.14318592846393585 0.10905928164720535 0.06503701210021973 0.014019102789461613 0.11249398440122604 0.030673960223793983 0.12245025485754013 0.12548886239528656 0.045594893395900726 0.041262898594141006 0.09803619235754013 0.050532929599285126 -0.11549565196037292 -0.062415771186351776 0.08429717272520065 0.07304570078849792 0.07123682647943497 0.12617379426956177 0.0015092679532244802 
-0.2391475886106491
-0.06320474296808243 -0.19669879972934723 -0.189656063914299 -0.05269964039325714 0.2178068310022354 -0.11872377246618271 0.044041357934474945 0.15475216507911682 0.025938495993614197 0.08830824494361877 -0.22332608699798584 -0.13121113181114197 0.25377053022384644 0.057021982967853546 -0.20483297109603882 -0.18797454237937927 0.02707058936357498 0.11111678183078766 0.13524802029132843 -0.04827459529042244 -0.16352353990077972 0.2500877380371094 0.23111091554164886 0.10647572576999664 -0.17750667035579681 0.05138922482728958 0.03368860110640526 
-0.2017524242401123
0.33896365761756897 0.36041393876075745 0.606539785861969 -0.06281628459692001 0.17786289751529694 0.022512447088956833 -0.7345694899559021 -0.449409157037735 -0.6590622067451477 0.08415209501981735 0.35880205035209656 0.31152355670928955 -0.05469954386353493 0.024762669578194618 0.11030875891447067 -0.6620699167251587 -0.5328428149223328 -0.6519132852554321 0.22341014444828033 0.4315122365951538 0.3087299168109894 -0.24083560705184937 0.15017423033714294 -0.020881449803709984 -0.6273347735404968 -0.3573266863822937 -0.5797310471534729 
-0.049715518951416016
-0.04250728711485863 -0.002007267903536558 0.1464746743440628 -0.2086150348186493 0.05129168927669525 0.05910678207874298 -0.22379475831985474 -0.0850110575556755 0.047882676124572754 -0.20029336214065552 -0.025281734764575958 -0.09207262843847275 -0.24804773926734924 0.09374219924211502 0.2174505740404129 -0.12087073177099228 0.1405506432056427 0.1410396695137024 -0.12497171759605408 -0.141259104013443 0.13470222055912018 -0.17045733332633972 0.12127447873353958 0.014532077126204967 -0.10359429568052292 0.044906459748744965 0.1627884954214096 
0.03916579857468605
0.15901683270931244 0.1599206030368805 -0.50359046459198 0.45226621627807617 0.1278926134109497 -0.482735812664032 0.046837370842695236 -0.5782759189605713 -0.29612281918525696 0.39478281140327454 0.291696697473526 -0.5236436724662781 0.35038745403289795 0.0003710023302119225 -0.37356269359588623 -0.07815822958946228 -0.5919817090034485 -0.2034049779176712 0.37897831201553345 0.3409792482852936 -0.5714790225028992 0.40450865030288696 -0.11255096644163132 -0.506466269493103 0.018108639866113663 -0.4433961510658264 -0.27116137742996216 
-0.0706736296415329
-0.06637859344482422 -0.19225481152534485 -0.30335649847984314 0.1592598259449005 0.16149592399597168 -0.024551117792725563 0.12817567586898804 0.16853052377700806 0.13108067214488983 -0.04147282987833023 -0.1335507184267044 -0.22166681289672852 0.11090447008609772 0.15851545333862305 -0.30799388885498047 -0.006836847402155399 0.20832736790180206 -0.09900100529193878 -0.11470416933298111 -0.2475452870130539 -0.2992905080318451 0.23632456362247467 -0.019830740988254547 -0.17578552663326263 -0.022530891001224518 0.08697225153446198 -0.07436390221118927 
-0.0808263048529625
-0.07488454878330231 -0.027513347566127777 -0.06095604971051216 -0.05314968153834343 -0.03991343080997467 -0.04273218289017677 -0.04561891034245491 0.08512041717767715 -0.07326792925596237 -0.060442619025707245 -0.027513746172189713 -0.06024492532014847 -0.04986068606376648 -0.04614289104938507 -0.047566115856170654 -0.0016482308274134994 0.06702262908220291 -0.07343849539756775 -0.06753206253051758 -0.027515865862369537 -0.060110338032245636 -0.05257813259959221 -0.041974250227212906 -0.04370801895856857 -0.0680704116821289 0.10221902281045914 -0.07301981747150421 
0.09048105776309967
-0.11545208096504211 0.04430781677365303 -0.0006158847827464342 0.021190309897065163 -0.057239383459091187 1.5560749488940928e-07 0.025328753516077995 0.028899909928441048 -0.025739317759871483 0.03595120087265968 -0.05773821100592613 -0.0014530245680361986 -0.13360674679279327 -0.001260578166693449 2.8490256909208256e-07 -0.09350331872701645 -0.09444591403007507 0.010248217731714249 -0.007436810992658138 -0.06213665008544922 -0.0004693320661317557 0.06326088309288025 0.007539931684732437 1.8974699855789368e-07 -0.07350795716047287 -0.0012990508694201708 -0.047516126185655594 
-0.04174685850739479
-0.09330183267593384 -0.14212827384471893 0.12899455428123474 0.015336201526224613 -0.005139077082276344 0.04492133483290672 0.1365797370672226 0.05906787887215614 -0.16388502717018127 -0.03911634162068367 0.07387179881334305 0.1284390240907669 0.08206553757190704 0.057633932679891586 0.05001267045736313 0.05603871867060661 -0.17046955227851868 0.08044188469648361 -0.1377878189086914 0.1054600328207016 0.03520401194691658 0.09498082101345062 0.15683875977993011 0.09196225553750992 0.13990522921085358 -0.15154841542243958 -0.02330201305449009 
-0.12069103866815567
0.020899862051010132 -0.09577666223049164 0.08699923008680344 0.1817726343870163 -0.0749976634979248 0.10896047949790955 0.11642301827669144 -0.24601802229881287 0.0007795410929247737 0.04241576045751572 -0.17032384872436523 0.003204012755304575 0.038175780326128006 -0.2048114538192749 0.04456168785691261 0.06252994388341904 -0.12661896646022797 0.06977353990077972 -0.09238110482692719 -0.21603605151176453 -0.0742945596575737 0.1002357006072998 -0.2245287150144577 0.2010015994310379 0.0607612244784832 -0.1830071210861206 0.1034228578209877 
-0.008226193487644196
-0.3206629455089569 -0.05608700215816498 0.297588974237442 -0.2662000060081482 -0.02045494131743908 0.14632786810398102 -0.26834505796432495 -0.15335285663604736 0.1745012402534485 -0.28037166595458984 0.055758487433195114 0.11749488115310669 -0.22633753716945648 -0.03764300048351288 0.254667729139328 -0.2591297924518585 -0.03876134753227234 0.17634263634681702 -0.43664801120758057 -0.02114175446331501 0.32034561038017273 -0.13425755500793457 0.03190193325281143 0.10082148015499115 -0.3836899399757385 -0.13829945027828217 -0.05158361792564392 
-0.18563364446163177
-0.3673746883869171 -0.292519211769104 -0.1301238089799881 0.1794687658548355 0.33668720722198486 0.2052178829908371 0.23214104771614075 0.04514981433749199 -0.14227831363677979 -0.43069398403167725 -0.3432755768299103 -0.27404844760894775 0.2321416735649109 0.3247389793395996 0.173182874917984 0.15288648009300232 -0.04094935581088066 -0.08360910415649414 -0.45506763458251953 -0.42825183272361755 -0.19802747666835785 0.03242326155304909 0.08781854808330536 0.17109684646129608 0.09802190959453583 0.2393002212047577 -0.06809724122285843 
-0.03690638393163681
-0.0361495167016983 0.2275867760181427 0.16907334327697754 -0.02054249495267868 0.10986197739839554 -0.16712288558483124 -0.030299516394734383 0.15169081091880798 -0.11089131981134415 -0.14043410122394562 -0.06680842489004135 0.14888185262680054 0.14087547361850739 0.21410860121250153 0.002508655423298478 0.18558192253112793 -0.1319529265165329 0.07451480627059937 -0.1351172775030136 0.03674479201436043 -0.11014917492866516 -0.11143218725919724 0.2130441963672638 -0.14470532536506653 0.033505629748106 -0.022284673526883125 -0.2316184788942337 
-0.14567933976650238
0.2195281982421875 -0.039310019463300705 -0.33469295501708984 0.20187163352966309 -0.12319368869066238 -0.3679957687854767 0.18070994317531586 0.14822804927825928 -0.11000428348779678 0.14995460212230682 0.04750782623887062 -0.3958563804626465 0.19850635528564453 0.16873082518577576 -0.2363205999135971 0.3135767877101898 0.20674945414066315 -0.145066037774086 0.07432082295417786 0.03204568848013878 -0.3999212682247162 0.25436922907829285 -0.08807050436735153 -0.2614646553993225 0.32084161043167114 -0.02903567999601364 -0.19154542684555054 
-0.3692239224910736
-0.08521445840597153 0.08338659256696701 -0.023542989045381546 -0.06289173662662506 0.06173655018210411 0.13911806046962738 -0.15594053268432617 0.09074696898460388 -0.07974932342767715 0.06107521057128906 0.08152434229850769 -0.07711075246334076 -0.004873720463365316 0.08525171875953674 0.108102947473526 0.11349310725927353 0.005727927200496197 0.026108309626579285 0.1190318912267685 -0.08064737915992737 -0.13043612241744995 0.07867487519979477 -0.011206163093447685 -0.10671926289796829 0.041932664811611176 -0.11566750705242157 0.06431391835212708 
0.052523110061883926
