1.7019085635930402 63.85061134028509 1
1.9017675987080338 77.31415196364831 1
1.6828743019488352 73.98647399432065 1
1.8397023639037138 81.59208095390056 1
1.8107159756401663 70.37308539845887 1
1.6499650887439066 76.95669377883088 1
1.8305895473222507 70.45981641967377 1
1.656084047019554 70.00691461451255 1
1.8981581506168954 77.97125103588952 1
1.7837772525979274 76.29957793526505 1
1.718998268703105 66.98232651674456 1
1.8173010876012217 78.54837455953427 1
1.7348977776316523 72.53561426390985 1
1.9342985667236854 79.08922077906944 1
1.7824185857279902 72.3269423429494 1
1.8850600705572862 75.23792506375331 1
1.8112856041505123 77.15844928602013 1
1.7127860921215077 79.26931279414117 1
1.8689692984195947 79.80841987685028 1
1.6712664139945739 72.86413308174863 1
1.969732032963819 75.54745870049247 1
1.7906854411532813 78.54886324136645 1
1.6232338513357885 71.31780897821999 1
1.8364276503096153 71.47041732567146 1
1.7082895023685865 72.29764203449626 1
1.6935458148458795 69.340418120129 1
1.9922169388425153 84.01616071695851 1
1.789195935080773 74.13691435188012 1
1.615822879399614 72.86043029627719 1
1.7165076075669992 83.37592892489309 1
1.66475063486695 71.7690386928038 1
1.6752265614496438 73.4453816940519 1
1.6949667651155265 75.55865806703899 1
1.7860517673414689 71.95001190516227 1
1.8683624097330063 71.67509685715207 1
1.819197537821906 66.62456304197411 1
1.6845944526339673 80.6812336518302 1
2.101575519902128 81.7123738773427 1
1.8626315083067055 71.57493032918997 1
1.9586882642657333 67.74493771395365 1
1.807022763442206 77.33360726371716 1
1.9714799756557557 74.96370694302566 1
1.742607701601894 73.54952050239291 1
1.8062791588814622 74.75374631525317 1
1.6183055789736331 76.13523582679923 1
1.787302003262419 79.51807623960333 1
1.8422855774929878 77.03653819539676 1
1.6719297120983834 72.74183691899529 1
1.6784901001060313 83.99645320389496 1
1.6762041832447023 74.43248150831116 1
1.8817746634766563 67.31974685934851 1
1.7178237102967486 74.01592744358638 1
1.73698065314754 72.89758831233755 1
1.7760423985509615 81.29721474012966 1
1.9084550624191916 74.65352662203098 1
1.8041228279082184 69.05580542156511 1
1.796518497830132 80.25908902615987 1
1.7552561042101815 81.51329070300108 1
1.6385861307252916 75.6365828163043 1
1.8861031999560198 68.32710841803386 1
1.9674803440632131 67.22346041295684 1
1.6776468610696487 81.60321313482162 1
1.7692587142501257 71.52458162109089 1
1.760727045774661 77.8494926633245 1
1.822097461349993 63.25204745002099 1
1.6739152612818373 82.56629170163224 1
1.9274647889359706 70.8518522621516 1
1.8921668780759624 80.0287298946208 1
1.7014811722634429 82.33647240786138 1
1.6963699327268515 80.93022343195366 1
1.8674591618192726 82.17077171398222 1
1.6419889788306057 77.53578715761503 1
1.8863331132512495 80.89472660524237 1
1.848069010488223 79.14641150167868 1
1.8533829059198943 74.31055343120622 1
1.7735588978993801 77.55139537267982 1
1.751087320659578 84.21719405441482 1
1.7234156407204084 73.55273084774441 1
1.5973367521881119 69.80167970955938 1
1.6609405518746743 79.51785661117304 1
1.8120524419760415 46.21665163301164 0
1.657785094444376 44.976747003017095 0
1.6817616635653083 44.90407782477307 0
1.7254545255618177 50.43831428082704 0
1.4943670676312224 51.15790120336621 0
1.5754635332713618 51.96857708934708 0
1.6749943090651926 50.29570592639863 0
1.4938447312305758 44.909626547280325 0
1.6448283235462686 52.536111342534234 0
1.6709985810403238 43.09283434115519 0
1.7864224896324115 47.892256408106064 0
1.8406620671774157 53.51568026982576 0
1.6409022246137412 51.21725480735039 0
1.7522496823891205 48.05274324587678 0
1.609683903208975 51.89062002227947 0
1.7188614724910676 54.24630495955638 0
1.6123484074074839 54.963498644827546 0
1.6213947685286605 45.34162497958714 0
1.6863011075625263 49.34594338716703 0
1.5696336956431747 52.12687503650592 0
1.64047583871292 52.251879052138584 0
1.7317371848739107 53.30603983017944 0
1.5543393679614042 47.8599690596428 0
1.5913627010556535 54.387683409430196 0
1.596185730091268 50.96655695188322 0
1.7412417311314088 50.7628492915472 0
1.649673178136996 48.22807599181257 0
1.6262136283999373 52.6989379813152 0
1.5621059737395095 43.502082472691534 0
1.527999401759296 55.028030192763275 0
1.6862295495826891 45.96985256377039 0
1.6822894978969132 51.33196382019103 0
1.695997178079357 47.907328222310866 0
1.7150963169930002 49.84336924512609 0
1.9309204361469827 47.33119864054211 0
1.5287205189932438 47.50301170738401 0
1.5894492306686914 52.77049913012909 0
1.6260465954146748 46.270456498575875 0
1.5697421488474892 51.62655148587669 0
1.572727004382619 49.68391153622625 0
1.5187324643485278 46.22798070877515 0
1.700719692327581 51.293873701757164 0
1.8159089118392202 51.12326197173357 0
1.5737964486277476 49.92996348922755 0
1.604480230773049 51.19851387584657 0
1.33741978123471 56.60498305006507 0
1.6912535145910434 52.842375788458924 0
1.7560372749429332 47.04306830066727 0
1.89501781712932 54.60000154705499 0
1.6282444674920382 53.956979736679955 0
1.5734884438034578 47.30868593338835 0
1.5197889964575837 47.68168638379041 0
1.8086406084315452 53.26509899118441 0
1.6515206369011146 51.896734681894486 0
1.8041670371205596 50.93171630715398 0
1.6393864877535145 51.17492353202755 0
1.6637024646515648 51.7326936686718 0
1.3870453759199202 51.870257973720356 0
1.663236410119584 46.55111544609348 0
1.6524950105886578 48.267358890699256 0
1.6707787482014975 56.476832404758625 0
1.6922031800819526 51.09867888829046 0
1.6050752397170187 46.90303075333659 0
1.7621320737426456 49.52926294787272 0
1.7347558394366294 49.740963796591664 0
1.5569010565192765 50.70438744423006 0
1.6830959694601595 51.01969525336592 0
1.5882217694713219 48.630938397039536 0
1.5910928667190247 56.791074849810556 0
1.4980669960986852 49.5921334288271 0
1.578388579415153 49.49476413047869 0
1.6285892604990573 52.882785392585944 0
1.7214151748571536 50.09892622411105 0
1.489210481502082 48.03944679913447 0
1.5359541991673356 46.99805026130383 0
1.7640374144041133 47.0248414604287 0
1.6130879468730592 52.98825169225632 0
1.5938497745212685 48.54960963966392 0
1.5359964681167735 50.180083275042215 0
1.5573903976400603 53.29314333879723 0
