1.6414246301241961 80.66970575560286 1
1.73580270955251 74.8812787753848 1
1.7637359169030964 83.3590043371949 1
1.9393464857896383 74.26882703396858 1
1.8916320173480803 76.77610427311608 1
1.7095159887981688 72.88049845481693 1
1.9035949051978271 74.30303515995234 1
1.955373500154062 73.86823713642625 1
1.9343038943604602 71.22182863335823 1
1.693208212447231 68.8309278292429 1
1.5586693393854318 72.92911927649766 1
1.8581365940426495 70.50718750584721 1
1.849614213288373 69.2987473337852 1
1.627933211236089 72.8572459527725 1
1.8840272568530874 70.16075641648982 1
1.774091949998606 81.83490944740652 1
1.9143416657266314 68.85350584059212 1
1.776463166960847 73.97174311101557 1
1.8299794485885197 80.7811661837173 1
1.729815374864476 71.6290116803219 1
1.6471121656646324 81.106503788578 1
1.8940202934378996 69.83282670498544 1
1.6784341399461677 73.71306898025702 1
1.8182004552253341 77.81510836392263 1
1.722030777486211 73.21563355164895 1
1.9369691499944441 88.68124545815255 1
1.6275544503801067 82.34168702651993 1
1.9070780122363662 71.63391068868806 1
1.8340815741348366 70.57661020247762 1
1.8985868936375543 74.63905933994072 1
1.7725205395021066 71.923661869532 1
1.9529253915740732 64.02127256556619 1
1.8206787378606273 75.93729140039392 1
1.883964461454348 83.25365891489727 1
1.6758965636527074 75.68041099041889 1
1.9618131305003077 75.2647361074444 1
1.6531323739935895 66.54599889966197 1
1.9015773144339243 71.6777127214323 1
1.8863962452509404 66.26532566420406 1
1.8065549983358606 72.73735316898868 1
1.7838486269043068 80.77257496912785 1
1.924381709837302 78.3637776703331 1
1.7908138684007753 74.14346519464614 1
1.8925807055638 81.85337008248213 1
1.7125501243400956 68.52597964554572 1
1.8007478552798246 80.39599458452378 1
1.924401154574392 79.26343645730995 1
1.9579189258121201 77.05424924187122 1
1.9418415142706227 75.02421264674584 1
1.8496742619224391 76.26698484905381 1
1.8906527605456498 72.54848442566929 1
1.688324729261209 73.13631034002812 1
1.8549780099513942 65.97401582561156 1
1.9634241818627833 77.66820657570346 1
1.7913628299735525 70.57898337923388 1
1.8706835117668759 81.95151936952625 1
1.6492666758234171 83.85119621067925 1
1.8579474380108296 78.76168040841803 1
1.8669646496377363 70.94543559639317 1
1.8668243728277536 70.69791607371373 1
1.85411223416183 75.38847832591318 1
1.8615116114539356 68.03187223645081 1
1.8388358471571924 71.52276907997353 1
1.7322572532195195 75.06999726567331 1
1.7732612849971983 75.51654330228776 1
1.7646682730665075 71.30405206057088 1
1.655216820747359 76.02455042442486 1
1.812063430444196 79.78600088380756 1
1.6918155634793464 73.44763386622199 1
1.8419039391893444 75.69183854325604 1
1.761941722721072 75.50405853652695 1
1.9345787754297743 85.50775035675129 1
1.7753246409379881 78.02795394623406 1
1.6519059358079549 73.87322690375666 1
1.8453935095757192 71.7968972314218 1
1.7464125447459933 75.75497426606871 1
1.7360517597844334 63.95824249017445 1
1.8313344738481712 78.43863324939225 1
1.8966597568554278 76.39539664326965 1
1.780842184123691 73.9600692610286 1
1.7236602288892975 50.212590157836175 0
1.5511945837127543 46.62535196978408 0
1.6183476963629528 54.919599196789 0
1.5879270855481509 50.77180173466954 0
1.5720619111109242 51.46442498239385 0
1.488519403407492 49.695630895330304 0
1.6219505287594485 52.808251666828625 0
1.4667511506955118 51.35802546970875 0
1.7304690968524539 50.935846787493276 0
1.7529457035720235 48.372247642842545 0
1.45515661796357 49.02971277590877 0
1.7395396822219649 47.78069240060348 0
1.5297837474409604 49.353204142810824 0
1.605224780342996 50.850973139566825 0
1.431089857315345 49.48864800801704 0
1.4496843903416932 53.392342118195835 0
1.6457192308375153 52.13852084765904 0
1.4441376710094118 52.249389823872676 0
1.7720758911544228 49.56489295976902 0
1.555143171445461 55.995938601490465 0
1.5222405264854009 50.12461079136681 0
1.4724221980834342 50.07780771767751 0
1.6152821583822452 51.34389335538708 0
1.485508383617172 52.67594644383478 0
1.7327238455697422 52.458654520789075 0
1.5729286206148916 48.18953726340614 0
1.3970056862252214 50.20282093348674 0
1.6465517911909675 53.88149932565388 0
1.6596254586988575 48.576480675460814 0
1.5975337720527871 52.35327121862711 0
1.6958231270441984 49.861916914445885 0
1.6801991233824167 50.487737468569975 0
1.4638999498898864 48.05250104202331 0
1.5481552231975027 50.14968649332935 0
1.638564276729074 47.904314326069 0
1.4319655714574062 53.227055303890324 0
1.4297033967749322 54.864510477953075 0
1.6552630209518546 50.476687858714136 0
1.7969435529194193 47.32553718466394 0
1.80372012066165 49.339262547839276 0
1.5247951056712286 51.33029997031665 0
1.649628389385332 49.05272365821976 0
1.6577846621506802 56.57414542696273 0
1.7690809790839692 52.937587464921705 0
1.6400668853572142 48.018491659967474 0
1.436600506972028 49.76318818131565 0
1.510325244514999 51.345201560980925 0
1.5322173547073383 44.35492280760053 0
1.6726578824639378 48.83921645795334 0
1.3300832883456604 46.74449892463564 0
1.6403391084318826 49.09591328091236 0
1.6483402512420815 51.19603532607157 0
1.5359075605977441 51.047268879629044 0
1.5269860687685188 53.177498206696086 0
1.620694595938866 49.56228621050086 0
1.729924457868298 55.992205482924106 0
1.6042002993302564 52.26518305978498 0
1.460561772929454 44.129601481982085 0
1.7906485844182982 50.665629432453805 0
1.6143850614514192 49.779643934350844 0
1.7512450623129323 53.70696347395137 0
1.4949043562786661 50.93970585239549 0
1.6152900487587045 52.76720479165634 0
1.6882305997212357 56.7838257468046 0
1.6897653336262355 45.86028675976172 0
1.6947995935069808 52.42989990830333 0
1.666175147542995 43.61285279000498 0
1.6416146837841679 56.154249912887586 0
1.6018517883819163 48.53466351189517 0
1.5184750255935326 48.672967616295 0
1.567472148560193 51.05598593477441 0
1.528835178151088 49.92184413289101 0
1.7900196680519724 47.51504399268574 0
1.7395874511014795 48.82848890763792 0
1.5086122665770025 47.65866215524537 0
1.7328331124875997 52.92190234341596 0
1.7320454643682344 53.21876894651221 0
1.7174454823099088 50.53385821899585 0
1.6047400911723249 50.47685699514227 0
1.4988579873859202 51.03349899814577 0
